-122.845169067383 38.8223342895508 0.84
-122.845497131348 38.8219985961914 0.94
-147.734 63.18 2.3
-147.734 61.403 2.1
-122.726829528809 38.767333984375 1.3
-65.7201 19.2583 3.67
-149.491 61.639 2.2
-102.039 32.406 1.6
-122.785499572754 38.7968330383301 0.47
-122.578666687012 38.7845001220703 1.66
-144.992 63.325 1.7
-144.37 63.107 2.3
-66.9086666666667 17.9041666666667 2.17
-152.661 60.941 2.4
-101.399 32.191 1.4
-117.502666666667 35.6791666666667 1.24
-121.942665100098 37.7611656188965 1.5
-118.4932 38.55 1.79
-115.901 33.5566666666667 1.44
-66.48 19.09 3.08
-122.760330200195 38.8161659240723 1.24
-150.983 62.364 2.2
-101.262 32.293 2.2
-152.288 57.873 3.5
-116.058833333333 33.2361666666667 0.95
-121.728164672852 37.3680000305176 1.2
-149.146 61.922 1.7
-66.7738333333333 17.97 2.81
127.1945 7.351 4.6
-122.778167724609 38.8058319091797 0.77
-117.086 34.2841666666667 0.84
-116.410166666667 33.053 0.41
-122.42166666666667 46.52016666666667 1.75
-149.014 64.82 1.3
-122.425 46.51716666666667 1.27
-120.241996765137 36.175666809082 1.46
-66.8963333333333 17.9681666666667 2.67
-100.893 32.89 0.4
-146.48 64.889 
-117.423 34.1483333333333 0.97
-122.738670349121 38.7709999084473 1.01
-117.175333333333 34.0325 1.53
-116.102 32.0253333333333 2.98
-147.915 60.309 2.3
-122.876998901367 38.8366661071777 0.85
-120.251502990723 36.1838340759277 1.04
-64.4533333333333 18.849 3.41
-122.750335693359 38.7873344421387 1.28
126.7694 7.2959 4.9
127.0327 7.3118 4.9
-122.764663696289 38.8240013122559 1.1
-122.817001342773 38.8359985351562 0.79
127.0595 7.2863 5.5
-122.51016666666666 45.8015 1.12
-122.801666259766 38.8368339538574 0.73
-120.085670471191 36.2159996032715 2.28
-155.103 58.233 1.2
126.7221 7.3902 6.4
-66.915 17.9185 1.98
-150.989 63.079 4.5
-117.671 35.8998333333333 1.32
-122.814163208008 38.7970008850098 0.75
-150.155 63.622 1.9
-117.697833333333 35.8763333333333 0.57
-122.832000732422 38.8143348693848 0.76
-122.876663208008 38.8401679992676 0.73
-67.0866666666667 18.1198333333333 2.2
-144.412 63.138 2.7
-122.801498413086 38.8368339538574 0.59
-147.393 65.007 1.3
-122.845664978027 38.8221664428711 0.78
-117.674333333333 35.9005 1.69
-151.532 61.468 2.3
-122.855163574219 38.8266677856445 0.31
-155.617833333333 19.427 1.49
159.1313 52.6945 4.6
168.6838 -17.1303 4.8
-122.80583190918 38.8235015869141 1.15
-123.113830566406 39.248664855957 1.15
-116.704166666667 33.658 0.71
-140.13 60.5142 2.8
-122.782836914062 38.8383331298828 1.77
-122.782165527344 38.837833404541 2.02
-101.532 32.434 0.7
-146.959 64.471 2.2
-101.813 32.213 0.2
-116.886 34.0453333333333 0.93
-153.083833333333 60.0418333333333 -0.55
-66.471 19.107 2.91
168.2465 -17.6276 5.0
-122.723335266113 38.7944984436035 1.06
-122.795166015625 38.8308334350586 0.77
-115.900333333333 33.5565 1.05
-66.4893333333333 19.093 3.03
-104.369 31.665 1.8
-122.84366607666 38.8223342895508 0.55
-104.385 31.852 1.5
-115.4603 36.1138 2.09
-147.804 63.517 2.0
-122.875999450684 38.8434982299805 0.74
-153.050166666667 60.0503333333333 -0.55
-122.736167907715 38.7696647644043 0.82
-103.696 31.328 1.4
-122.804168701172 38.8226661682129 0.45
-152.115 60.057 1.7
-121.83433333333333 47.14633333333333 1.36
-115.622 31.4961666666667 2.29
-176.7047 51.4147 3.7
-122.804168701172 38.8238334655762 0.78
-139.64 60.451 2.1
-118.342833333333 35.0571666666667 1.15
-122.816329956055 38.8358345031738 0.75
-152.17 60.311 1.9
-155.506833333333 19.1381666666667 2.33
-155.660666666667 58.2468333333333 0.02
-150.934 58.176 3.0
-149.093 64.635 1.2
-117.507666666667 33.864 1.0
-120.84283333333333 46.569833333333335 1.25
-155.038 58.282 1.6
-155.152 58.243 1.5
-121.084999084473 36.4578323364258 1.83
-152.529 60.645 1.9
-66.8291666666667 18.0055 2.35
-122.5765 48.080666666666666 1.72
-116.098166666667 32.682 1.15
-101.801 32.232 0.5
74.6137 37.2523 5.2
-122.717498779297 38.7765007019043 0.6
-155.067833333333 58.2401666666667 -0.08
-66.4975 19.0593333333333 2.96
-100.55 32.87 1.6
-122.813499450684 38.7781677246094 0.75
-66.4861666666667 19.031 2.98
-116.875833333333 33.9388333333333 0.74
-102.177 32.363 1.2
-66.5003333333333 19.0891666666667 2.87
-155.510498046875 19.1354999542236 1.85
-66.5051666666667 19.088 3.18
-155.71 20.4285 1.91
-155.162166666667 58.2343333333333 -0.11
159.8596 51.8612 5.2
-66.5003333333333 19.0938333333333 2.89
-149.3248 56.3222 3.1
-166.902666666667 53.9148333333333 0.23
142.0717 41.4358 4.8
-153.059166666667 60.0518333333333 -0.7
-115.465 32.821 1.24
-112.913833333333 37.0428333333333 1.44
-151.323 61.66 2.1
-102.085 32.431 1.4
-150.02 61.701 1.9
-103.377 31.946 2.3
-146.849 61.191 1.8
-103.379 31.945 2.0
-117.423166666667 34.149 1.03
-155.427833333333 19.1153333333333 1.63
-122.800003051758 38.8238334655762 1.34
-150.542 60.456 1.5
-125.162002563477 40.3316650390625 2.77
-122.809829711914 38.8311653137207 1.28
-123.677001953125 40.6593322753906 1.86
-140.2148 60.5125 3.1
-117.195833333333 34.0241666666667 0.92
-154.993 58.2968333333333 0.02
-155.492666666667 19.104 1.59
-155.488662719727 19.1679992675781 1.75
-103.689 31.951 2.0
-117.894666666667 36.1061666666667 0.37
-149.474 63.447 1.9
-122.876167297363 38.8393325805664 0.73
-139.6778 60.3855 3.1
-123.239166259766 39.2980003356934 1.16
-156.313 58.124 2.0
-117.507333333333 33.7425 1.33
-117.509833333333 33.736 1.61
-117.716 35.9298333333333 0.99
-102.154 32.423 0.6
-122.856498718262 38.826831817627 0.69
-118.948501586914 37.7143325805664 1.08
49.9508 30.7747 4.5
-66.5058333333333 19.0351666666667 2.77
-122.790336608887 38.8371658325195 0.92
-139.623 60.465 2.1
-175.6321 -18.5976 4.4
-147.23 61.166 1.6
-122.855331420898 38.8253326416016 1.35
-117.415 36.06 1.66
-119.1935 34.4598333333333 1.2
-101.072 32.137 1.5
-102.091 32.403 1.2
-66.5281666666667 18.9991666666667 3.08
-155.116 58.278 1.5
-66.5155 19.04 3.28
-155.490166666667 19.184 1.86
-117.495333333333 35.6775 0.69
-116.0585 32.735 1.13
-89.7783333333333 36.682 1.64
-149.903 61.724 2.0
-101.483 32.11 1.9
-155.000333333333 58.3093333333333 0.27
-101.478 32.119 2.1
70.7694 34.7833 4.4
-66.4953333333333 19.0806666666667 2.98
-116.6245 33.9376666666667 2.26
-66.4973333333333 19.1158333333333 2.77
-117.475333333333 34.1233333333333 0.88
-120.547668457031 35.9845008850098 1.74
-119.372333333333 34.8908333333333 1.07
-66.4981666666667 19.0588333333333 3.15
-66.5076666666667 18.999 3.17
-66.5043333333333 19.0701666666667 2.98
-166.8465 53.7606666666667 0.28
-150.583 64.495 1.6
-149.142 56.064 3.8
-116.297333333333 32.928 2.03
-149.865 62.537 1.8
-167.659 52.895 3.9
-104.479 31.681 1.7
-101.057 32.142 1.9
-123.427001953125 39.6126670837402 2.26
-122.825668334961 38.8074989318848 1.13
-66.8425 17.9686666666667 2.31
-104.124 31.56 1.4
-141.482 61.64 2.0
-155.342330932617 19.2038326263428 1.7
-101.065 32.138 1.5
-148.759 61.132 1.7
-116.400166666667 33.233 0.82
-116.061166666667 32.7373333333333 1.51
-118.498 35.3493333333333 1.15
176.604 51.255 4.2
-152.949 60.09 2.0
-117.445 34.1265 0.76
-117.780666666667 36.003 0.73
176.87 51.2486 4.8
-122.763664245605 38.792667388916 0.75
-122.809669494629 38.821834564209 0.76
-122.81616973877 38.835334777832 0.72
-66.844 17.9828333333333 2.36
-151.09 63.254 1.9
-122.720664978027 38.764331817627 1.52
-117.483666666667 35.6748333333333 0.65
-116.73 33.53 0.36
-117.680833333333 35.9538333333333 0.86
-155.435165405273 19.1081657409668 1.81
-155.421661376953 19.1679992675781 1.7
-151.484 63.025 2.0
-146.661 64.434 1.5
63.971 -19.2401 5.4
-139.6488 60.4768 3.7
-148.919 62.116 2.9
-122.756332397461 38.788501739502 1.44
-140.601 60.326 2.0
-63.3677 -27.0943 4.3
-122.750999450684 38.8185005187988 0.59
-101.058 32.141 1.5
-101.06 32.143 2.1
179.7736 -24.472 4.2
-153.072666666667 60.0503333333333 -0.88
-147.718 64.688 2.8
-104.235 31.635 1.2
-146.508 61.618 2.1
-117.4775 34.1236666666667 1.93
-102.116 32.366 0.8
-101.491 32.099 1.0
-145.569 63.35 2.2
-150.233 61.219 2.0
-104.422 31.648 1.3
-153.728 60.293 4.5
-111.165833333333 42.693 2.46
-150.532 63.297 2.1
-154.874 58.245 1.5
-122.762664794922 38.7856674194336 1.15
-116.9975 34.1763333333333 0.9
-149.366 62.043 2.5
-117.524166666667 35.6711666666667 0.67
-120.09366607666 36.251335144043 1.86
158.8203 52.7032 4.8
-122.803169250488 38.8209991455078 0.71
-122.803833007812 38.8221664428711 1.77
-130.3804 44.3119 3.7
-104.44 31.65 1.5
143.8056 11.8498 5.2
-118.016 36.2143333333333 0.82
-66.5168333333333 19.0826666666667 3.09
-177.5153 -32.643 5.1
-66.5135 19.1321666666667 3.09
-66.5066666666667 19.1026666666667 3.06
-119.262333333333 34.34 1.38
-66.511 19.1126666666667 2.74
-122.821998596191 38.8160018920898 0.79
-66.4775 19.0478333333333 3.02
-152.502 59.182 2.9
-155.654666666667 19.5486666666667 2.54
-152.395 61.183 2.0
-65.9893333333333 19.132 3.05
-167.6017 52.7471 3.2
-115.184333333333 32.4008333333333 1.86
-122.78466796875 38.8133316040039 0.73
-147.716 61.211 2.1
-120.654830932617 36.0844993591309 1.6
-147.711 61.25 1.8
-152.676 59.893 2.9
-81.025 41.7822 2.6
141.5105 27.6461 4.9
-117.6735 35.9005 1.72
-117.9139 37.3321 1.62
-101.712 32.326 1.1
142.0199 40.5126 4.5
-122.389167785645 38.0234985351562 2.59
145.789 17.5674 5.0
-117.798666666667 35.3525 1.66
-111.557333333333 38.876 2.54
-122.3155 46.459 0.29
-178.6589 -17.7188 4.8
-96.74616667 35.55566667 2.82
-154.978 58.278 1.3
-155.414169311523 19.1551666259766 1.76
-117.889 38.1528 2.09
-117.121833333333 34.0405 2.03
-117.121666666667 34.0416666666667 1.21
-116.727 41.133 1.53
-149.317 62.093 2.2
133.11 35.342 5.0
-117.471166666667 34.162 1.62
133.1736 35.3364 4.7
-116.4168 40.7182 1.99
133.0755 35.3203 5.7
-149.851 61.75 2.2
-116.733166666667 33.703 0.75
-142.011 60.788 1.6
-139.7927 60.5457 2.7
-149.926 61.306 2.3
-110.673833333333 44.6581666666667 0.79
-174.232333333333 52.3925 0.93
-116.97666666666667 46.86566666666667 2.24
-117.463666666667 34.2016666666667 0.83
-122.94083333333333 45.97866666666667 0.84
-122.802001953125 38.824333190918 1.32
-154.992833333333 58.2938333333333 -0.1
-155.398333333333 19.2376666666667 1.49
-141.244 59.917 2.3
-122.805168151855 38.8216667175293 1.1
-104.173 31.699 2.0
-155.642 57.66 2.9
-111.35 40.4455 1.77
-117.632 35.5898333333333 0.8
-102.041 31.976 0.9
-155.451171875 19.1493339538574 1.78
-147.466 61.148 2.3
-66.7991666666667 18.0105 2.76
148.1568 48.1021 5.1
-122.711166381836 38.742000579834 1.48
-140.141 60.522 2.2
-122.784164428711 38.8376655578613 1.3
-116.8045 33.9241666666667 1.18
-66.4026666666667 17.9558333333333 2.11
-110.672166666667 44.6543333333333 0.38
-66.92 17.9455 2.29
-148.109 63.065 1.9
-122.80016666666667 45.336 1.02
-139.566 60.4438 2.6
-140.102 60.551 2.2
-150.558 62.174 2.6
-116.732 33.5333333333333 0.74
-150.541 63.227 2.4
-66.1643333333333 18.7081666666667 2.93
-145.611 63.361 2.5
-149.508 63.258 2.6
-66.8303333333333 17.9451666666667 2.19
-101.783 32.27 0.6
-121.92749786377 37.7443351745605 1.77
-147.66 63.183 2.0
-116.775666666667 33.683 0.65
-155.588333333333 19.4708333333333 0.99
-141.364 60.728 1.9
148.0701 43.5606 4.9
-103.391 31.937 2.1
-103.386 31.937 2.0
-155.600333333333 19.4651666666667 0.75
-122.818664550781 38.8125 1.05
-151.644 61.768 2.1
-177.3504 -22.1775 4.5
-120.2595 47.55616666666667 0.55
-147.494 63.562 2.1
-111.207333333333 39.6316666666667 1.91
-116.623 33.5913333333333 1.12
-116.280333333333 33.2833333333333 0.75
-153.070333333333 60.0115 -0.81
-152.226 61.307 1.0
-76.0415 -15.3573 4.4
-116.295 32.928 2.14
-122.835166931152 38.8028335571289 0.74
-150.824 61.426 2.1
-151.316 63.122 1.8
-104.44 31.67 1.5
-122.782165527344 38.8356666564941 1.24
-102.01 31.786 1.7
-102.115 32.365 0.8
-155.139333333333 19.3321666666667 1.7
-155.217166666667 19.3151666666667 1.25
-122.938667297363 38.7840003967285 1.92
141.5526 31.0732 4.8
-151.271 62.521 1.7
-110.6305 44.2765 0.95
-101.837 32.245 0.6
-155.170837402344 18.7590007781982 1.74
-122.787666320801 38.816333770752 1.19
-151.061 61.911 2.3
-116.5048 38.449 1.95
-155.382827758789 19.050666809082 1.82
-67.7023333333333 19.0983333333333 3.14
-149.091 64.311 2.1
-150.388 61.783 1.9
-122.44933333333333 47.716833333333334 1.05
-122.877334594727 38.8456649780273 0.49
-96.57216667 34.6135 1.69
-152.111 59.163 2.4
-155.369 19.3163333333333 1.5
-150.751 60.948 2.0
-117.715833333333 35.9248333333333 1.26
-153.0525 60.0418333333333 -0.59
-117.483166666667 35.674 1.45
-149.787 62.039 2.4
-117.4825 35.6718333333333 1.7
-102.081 32.346 0.8
-122.596168518066 37.7991676330566 1.95
-122.796669006348 38.8166656494141 1.03
-104.179 31.703 1.2
-146.307 61.359 1.8
-139.5024 60.3746 3.8
-101.059 32.141 1.5
-149.661 61.68 1.7
-151.138 60.833 2.3
-104.177 31.712 2.2
-150.951 61.018 1.7
-141.372 60.179 1.4
-117.518333333333 34.2468333333333 0.42
-116.355833333333 33.4245 1.15
-141.317 60.15 1.7
-121.602836608887 36.9220008850098 1.24
-100.992 32.097 1.5
-141.327 60.154 1.9
-110.631 44.2725 1.51
-155.372161865234 19.0416660308838 1.7
-101.789 32.226 0.9
-101.487 32.099 1.0
-103.956 31.609 1.1
-151.179 61.134 2.0
-103.958 31.606 2.1
-155.370333333333 19.4883333333333 1.86
-115.671666666667 33.2538333333333 1.34
110.4758 -5.6557 4.4
-117.092 34.0498333333333 0.72
-122.857666015625 38.8313331604004 0.64
-98.7019 16.4153 4.3
-116.730833333333 33.6438333333333 1.48
-155.475 19.2055 2.1
-103.615 31.071 1.6
-101.489 32.103 1.9
-122.96883392334 38.7620010375977 1.3
-69.0975 -20.8561 4.3
-121.067001342773 36.4654998779297 2.12
-104.767 37.2004 1.6
-122.785667419434 38.8368339538574 1.13
-117.0155 33.6413333333333 0.75
-122.794998168945 38.8363342285156 1.01
-83.9965 35.762 1.82
72.9496 38.1288 4.4
-151.019 62.461 1.9
-101.487 32.099 1.2
-153.586 59.185 2.4
-122.856163024902 38.8288345336914 1.56
-103.289 31.985 1.3
-122.855834960938 38.8303337097168 1.07
-122.854667663574 38.8301658630371 1.84
-120.606002807617 36.0364990234375 1.76
-175.1758 -16.8709 4.4
-117.516 34.2203333333333 0.87
-141.29 59.764 2.0
-122.785003662109 38.8096656799316 1.3
-116.412166666667 33.0506666666667 0.75
-154.492 58.4431666666667 0.0
-151.04 62.899 2.2
-72.9931 6.7097 4.9
-66.8718333333333 18.0193333333333 2.37
-104.438 31.658 1.6
-104.456 31.659 2.1
-121.370498657227 36.9625015258789 1.46
-154.972166666667 58.2928333333333 0.63
-101.389 32.236 1.3
-122.81616973877 38.8349990844727 1.14
-122.784164428711 38.8033332824707 1.08
-122.783332824707 38.8050003051758 0.8
-117.1915 33.999 0.99
-140.167 60.532 1.7
-153.0975 60.0118333333333 -0.97
-122.880500793457 38.8431663513184 1.03
-64.6586 19.4015 3.58
-151.027 60.827 1.7
-118.1375 33.786 1.19
-149.804 61.103 1.8
-64.6751 19.3803 3.74
-118.3589 38.2545 1.71
-119.5343 38.688 1.62
-120.831169128418 35.5340003967285 1.19
-98.998 28.803 1.9
-116.9365 33.6578333333333 1.39
-154.4775 58.4316666666667 0.09
-122.810501098633 38.8250007629395 1.08
-151.687 58.184 2.4
-139.905 60.497 1.9
-122.78816986084 38.8356666564941 1.07
-140.038 60.534 2.1
-152.769 59.238 2.2
-139.706 60.446 1.7
-140.327 60.56 1.8
-120.3835 47.69016666666667 0.75
147.6376 -5.6777 5.2
-153.004 60.192 1.9
-152.839 59.947 1.6
-155.476837158203 19.1666660308838 1.93
-145.081 60.516 2.0
-154.745833333333 58.4741666666667 -0.02
-153.076333333333 60.0511666666667 -0.73
-122.788330078125 38.8356666564941 1.31
-139.914 60.468 2.1
-153.435 59.937 1.7
-155.598833333333 19.4613333333333 0.84
-104.265 31.657 1.3
-122.11866666666667 46.103833333333334 0.18
-147.702 60.669 1.7
-149.805 61.078 2.9
-140.668 60.267 1.7
-122.761169433594 38.7901649475098 0.82
92.3084 26.326 4.9
92.3939 26.3676 5.2
-154.493 58.465 2.6
-118.3705 34.1466666666667 1.33
-67.6123 -28.9461 4.2
-155.315826416016 19.3136672973633 1.81
-155.489 19.194 1.65
-122.761833190918 38.7936668395996 1.04
-122.782501220703 38.8131675720215 1.02
-122.807998657227 38.8183326721191 0.77
-122.00266666666667 47.142 0.86
-149.108 62.932 2.7
-149.943 61.753 1.8
-117.640166666667 33.7991666666667 0.52
-121.818664550781 37.0185012817383 2.86
-151.864 59.942 1.6
-122.703498840332 38.7680015563965 2.0
-157.3947 19.6154 3.3
-66.8763333333333 18.0238333333333 2.08
-122.809669494629 38.8240013122559 2.22
-66.799 18.043 1.93
-154.47 58.451 2.2
-154.5074920654297 58.44887924194336 1.4423318128629536
-154.56753540039062 58.49553298950195 3.4475574911206515
-83.7918333333333 36.5245 2.6
39.9253 13.815 4.5
-101.109 32.12 1.8
-120.680000305176 40.5388336181641 2.36
-66.0808333333333 18.297 3.26
-141.959 61.192 1.2
-122.601165771484 38.3691673278809 2.07
-117.371166666667 35.5671666666667 1.41
-122.797164916992 38.8241653442383 1.3
-101.802 32.229 0.7
-122.787002563477 38.8253326416016 0.71
-101.787 32.215 0.8
-122.782333374023 38.8013343811035 1.22
-96.87916667 36.41483333 1.33
160.54 53.1143 4.4
-150.105 61.41 1.6
-154.238 58.052 1.7
-149.635 61.85 1.7
-122.805335998535 38.8028335571289 1.66
-155.457168579102 19.2691669464111 1.92
-117.232 34.0161666666667 1.05
-116.953166666667 33.8115 0.56
-103.382 31.937 2.4
-116.132833333333 33.775 1.74
-70.2729 47.5416 1.8
-122.780166625977 38.800666809082 1.79
-141.708 60.581 2.0
-151.976 62.139 3.3
-151.391 61.945 1.8
-147.738 64.51 1.4
-122.735496520996 38.7708320617676 1.09
-65.8228333333333 18.9848333333333 2.86
-121.864166259766 37.5265007019043 1.32
-141.05 60.695 2.1
-155.487335205078 19.1944999694824 1.9
-122.790664672852 38.835334777832 0.99
-155.327 58.162 1.2
-117.543333333333 35.6803333333333 0.88
-149.733 62.166 2.0
-66.987 17.977 1.93
-155.321 58.158 0.7
-117.241833333333 34.052 0.92
-120.44166666666666 42.219 2.13
-111.871 36.963 2.83
-155.404006958008 19.33766746521 1.75
-122.95666666666666 47.50066666666667 0.72
-155.482162475586 19.2070007324219 1.85
-155.726 57.357 1.8
-122.843330383301 38.8206672668457 0.58
-116.617666666667 33.4578333333333 0.47
-66.4693333333333 18.9006666666667 2.78
-69.7015 -19.1002 4.4
-141.73 60.612 2.1
-143.174 60.34 1.4
-140.18 60.488 1.8
-103.964 31.606 1.1
-116.615666666667 33.452 0.59
-87.7816 12.6136 4.8
-101.802 32.206 0.9
-111.606333333333 41.2773333333333 3.27
-149.625 61.755 1.5
-104.303 31.688 1.3
-122.795669555664 38.8256683349609 1.26
-116.711166666667 33.6585 0.92
-110.95 44.7488333333333 -0.25
-112.938166666667 37.9628333333333 1.5
-154.772 57.908 1.5
-155.41 59.486 2.8
-112.41 41.562 0.74
-101.748 32.42 0.8
39.1653 -43.4732 5.7
-104.4845 32.2945 2.6
-150.923 61.29 1.9
-139.9035 60.5698 3.3
-122.813835144043 38.8318328857422 1.34
-101.502 32.114 0.9
-116.487 37.0301 1.63
-122.801330566406 38.8368339538574 0.74
-147.004 60.95 2.0
-116.4892 37.0389 2.26
-122.05066666666667 47.769 0.9400000000000001
-116.351 33.4296666666667 0.52
-101.809 32.199 0.6
-112.898166666667 37.0538333333333 1.26
-104.367 31.653 1.7
159.5869 51.1649 4.5
-103.389 31.939 1.5
-116.854166666667 32.6005 1.06
-103.387 31.94 1.3
-104.358 31.663 1.6
-64.8293 19.1816 3.51
-151.774 60.04 1.9
-155.372 19.0488333333333 2.42
159.5143 51.6813 5.1
-116.906166666667 33.8098333333333 0.67
-154.342 59.021 2.4
-102.002 32.379 0.5
-104.452 31.667 1.3
-29.4744 -55.3739 4.7
-64.8848333333333 19.0513333333333 3.19
-25.2678 -58.7356 5.1
-166.619166666667 53.8971666666667 1.09
-64.8138333333333 19.2276666666667 3.34
-147.182 61.189 1.7
-155.061828613281 19.2448329925537 1.83
-122.31416666666667 46.1935 0.44
-101.802 32.218 0.5
-103.386 31.939 1.8
-102.141 32.411 0.6
-152.456 58.621 2.7
-103.383 31.937 3.0
-103.383 31.939 1.0
-103.382 31.94 1.5
-103.384 31.939 1.9
-117.596666666667 34.0251666666667 1.04
-103.388 31.937 1.2
-117.597333333333 34.0266666666667 1.06
-153.046166666667 60.0493333333333 -0.92
-155.083 57.435 1.7
-122.863502502441 38.6816673278809 0.8
-119.469166666667 34.636 1.25
-122.336 46.1985 0.72
-122.813499450684 38.826000213623 0.78
-123.084167480469 39.1851654052734 1.87
-140.287 60.345 1.8
-64.6955 19.193 3.4
-101.05 32.145 1.4
-101.055 32.144 1.6
-101.057 32.142 1.4
-155.421340942383 19.3028335571289 1.82
-140.1997 60.5104 2.6
-153.092833333333 60.0113333333333 -0.69
-111.402 39.0153333333333 1.45
-153.1115 60.0023333333333 -0.91
85.0146 42.2671 5.0
-141.662 60.729 1.0
-140.077 60.515 1.7
-66.9218333333333 17.9438333333333 2.4
-110.859 44.7898333333333 0.85
-140.1325 60.4954 3.3
-122.797164916992 38.8221664428711 1.11
179.681666666667 51.9941666666667 1.4
128.5017 2.6884 4.5
-151.803 61.961 1.8
179.725333333333 52.0088333333333 1.5
-118.533833333333 35.3033333333333 1.69
-118.748832702637 37.3833351135254 1.71
-139.9496 60.5624 2.8
-121.75783333333334 46.852833333333336 0.41000000000000003
-103.884 31.451 1.6
-122.589332580566 38.2621650695801 2.24
-155.371170043945 19.1424999237061 1.8
-123.271835327148 39.3504981994629 1.88
-140.0577 60.5059 2.7
-110.634833333333 44.6701666666667 0.67
-154.955 58.287 1.2
-153.007 59.559 2.2
-66.6423333333333 18.0045 2.55
-103.889 31.451 2.0
-110.979166666667 44.766 0.76
-152.707 59.837 1.5
-66.8336666666667 17.9975 2.24
-101.519 32.129 0.8
-155.0145 58.3056666666667 -0.84
-155.279666666667 58.1801666666667 -0.44
-82.3008333333333 33.5438333333333 1.95
-118.353 34.393 1.11
-104.357 31.665 1.2
-141.286 60.197 1.6
-122.824668884277 38.8406677246094 1.89
-149.343 63.758 2.6
-153.081833333333 60.0596666666667 -0.94
-153.078 60.0776666666667 -0.52
-66.8525 17.9843333333333 2.36
-122.879997253418 38.8370018005371 1.02
-110.970833333333 44.7553333333333 1.81
-116.350833333333 33.4278333333333 0.76
-152.809166666667 60.2625 0.82
-153.1115 59.9881666666667 -0.94
-148.539 62.818 2.2
-101.697 32.011 0.9
-153.084333333333 59.9918333333333 -0.63
-103.802 32.015 0.8
-152.733833333333 60.5273333333333 -0.38
-121.765 46.8535 0.37
-102.295 31.949 0.7
-122.766166687012 38.8245010375977 1.27
-116.542 33.1458333333333 1.04
-117.81 35.3075 0.94
-154.926 58.27 0.5
-117.584833333333 35.7706666666667 1.11
-122.48616666666666 48.404 2.2800000000000002
-122.11183333333334 47.031333333333336 0.77
-122.874168395996 38.8536682128906 0.97
-147.776 64.165 1.4
-116.735166666667 33.6813333333333 1.13
-139.971 60.309 2.0
-122.823829650879 38.8343315124512 1.06
-139.9828 60.5429 2.9
-101.575 32.407 0.9
-153.010666666667 60.073 -0.8
-155.082166666667 58.2546666666667 -0.28
-152.82 59.912 2.1
-155.362503051758 19.0483341217041 1.84
-117.297166666667 34.081 0.95
-117.808333333333 35.3068333333333 1.01
-155.193833333333 19.3261666666667 1.61
-66.8293333333333 17.9933333333333 2.08
-142.99 60.523 1.3
-104.376 31.669 1.7
-140.0938 60.5134 3.0
158.7637 51.8994 4.9
-143.469 60.36 1.9
-64.3621 18.1291 3.62
-103.39 31.938 1.3
-101.056 32.141 1.4
152.1228 -5.4787 5.1
-155.385333333333 19.0516666666667 1.84
-141.222 60.338 1.8
-149.986 61.929 1.9
-153.117333333333 60.0005 -0.88
-103.729 32.059 1.2
-116.466 33.4731666666667 0.68
-101.052 32.147 0.9
-122.735832214355 38.7768325805664 1.7
-153.163 60.142 1.8
-140.089 60.4894 2.5
-147.461 64.974 1.0
-155.359833333333 19.0498333333333 2.13
128.6022 2.816 4.9
-122.78816986084 38.8356666564941 1.38
-78.0361 -44.3731 4.9
-139.5705 60.4192 2.9
-152.887 60.129 2.2
-116.345 33.4293333333333 0.68
-120.80883026123 35.5578346252441 1.28
-122.810836791992 38.7941665649414 0.83
-155.368667602539 19.0384998321533 1.89
-101.06 32.108 1.5
-110.970833333333 44.7565 1.8
-155.2945 19.3735 1.67
-155.144666666667 19.3376666666667 1.5
-103.724 32.061 1.2
127.0977 5.8204 4.8
-104.251 31.634 1.2
-166.9335 53.8841666666667 -0.13
-153.100833333333 59.9998333333333 -0.82
-118.316833333333 34.0815 0.71
115.5614 -6.7463 4.3
-116.427166666667 33.049 0.87
-103.726 32.071 1.4
-116.549 33.5208333333333 0.47
-103.726 32.064 1.3
152.3668 -6.2783 5.0
-149.485 63.268 1.8
-101.158 31.932 1.7
-103.73 32.066 1.6
69.5588 -23.5974 5.0
-103.728 32.062 1.5
-122.805168151855 38.8048324584961 1.12
-121.314666748047 36.8554992675781 1.34
-154.986 58.269 0.7
-103.723 32.063 1.6
-122.070999145508 37.5056648254395 1.67
-152.718666666667 60.5398333333333 -0.35
-152.620833333333 60.4613333333333 -0.15
-166.9325 53.8848333333333 -0.26
-149.93 60.796 1.9
-118.373 34.1385 1.41
-101.813 32.229 0.5
-151.564 60.009 1.6
127.5334 4.9308 4.8
-103.725 32.066 2.0
-117.4244 37.2208 1.52
-101.798 32.204 0.8
-150.803 61.739 1.7
-76.3436 -14.6316 4.4
-104.259 31.62 1.4
-155.597666666667 19.4601666666667 0.61
-101.695 32.006 1.5
121.7944 24.7136 4.2
-156.274166666667 19.9373333333333 2.64
-116.818333333333 33.7085 1.24
-153.062666666667 60.0545 -1.14
-155.31 57.648 1.9
-103.384 31.938 1.6
-104.262 31.655 1.4
-178.5119 -17.9807 4.5
-122.221496582031 38.9949989318848 1.9
-117.011166666667 33.6438333333333 0.73
49.821 12.9797 4.5
-140.1283 60.5058 2.7
-69.8384 -18.5804 4.1
-153.059 60.0658333333333 -1.16
-117.146666666667 34.003 0.76
-120.67733001709 40.5403327941895 1.98
-103.386 31.939 1.4
-155.350666666667 58.1693333333333 -0.47
-101.907 32.235 2.2
-101.908 32.236 1.5
-153.032333333333 60.0426666666667 -0.82
-122.737503051758 38.8118324279785 1.11
-120.688667297363 40.5415000915527 1.68
-116.350833333333 32.9091666666667 0.44
-155.483169555664 19.0955009460449 1.7
-146.895 64.508 1.6
-152.229833333333 61.3068333333333 -0.66
-122.763832092285 38.8283348083496 1.27
-139.9954 60.5561 3.3
-112.4836 34.7468 1.6
-155.125 57.48 2.4
-117.014833333333 33.6435 -0.06
-140.0048 60.4919 2.9
38.8972 38.2915 4.7
-104.439 31.68 2.1
-140.79 60.076 1.9
-116.414666666667 33.3806666666667 1.12
-117.3788 37.19 1.6
-141.042 60.023 1.7
-116.793166666667 33.686 0.44
-155.186492919922 18.7436676025391 1.7
-178.6115 51.7153333333333 1.22
-116.354833333333 32.9286666666667 0.56
-151.033 60.823 1.8
-122.1865 47.647666666666666 1.67
-147.992 64.458 1.0
-101.054 32.145 1.7
-174.132333333333 52.4035 0.24
-116.4545 33.4783333333333 0.42
-117.542666666667 35.6785 1.7
-101.356 32.189 0.9
-122.809997558594 38.8393325805664 0.95
-151.019 60.831 1.6
-155.47883605957 19.2101669311523 1.8
-120.3845 48.056 0.78
-117.482833333333 35.6076666666667 1.48
-166.633 53.8986666666667 -0.17
-178.7225 51.5215 1.98
-146.406 61.598 1.6
-115.522 32.4445 1.32
-149.877 61.458 1.7
-121.122497558594 36.5141677856445 2.67
-153.080833333333 60.0448333333333 -0.61
-178.0039 -21.8512 4.4
-117.443166666667 34.2333333333333 1.24
-154.976833333333 58.2986666666667 -0.36
-122.774002075195 38.8061676025391 1.05
104.4753 34.9964 4.7
-153.115333333333 60.0021666666667 -0.88
-66.0708333333333 18.1285 1.93
71.3456 36.9063 4.3
-140.0392 60.553 2.7
-73.0132 6.7928 4.4
-159.9883 54.4432 3.3
-149.347 62.037 1.8
-140.083 60.54 1.9
-139.779 60.589 2.1
-117.552333333333 33.9941666666667 1.04
-152.92 60.007 1.9
-152.411 59.595 1.7
-151.157 60.619 1.9
-110.843166666667 44.7918333333333 0.84
-116.7655 33.6975 0.35
-168.181333333333 53.3908333333333 -0.16
-153.0775 60.0441666666667 -0.9
-112.176833333333 41.5101666666667 0.61
-169.930833333333 52.7565 1.12
-155.176833333333 58.2268333333333 -0.63
-139.927 60.53 1.8
-102.294 32.422 1.2
-153.1095 60.008 -0.65
-151.643 59.875 2.3
-152.344333333333 61.2623333333333 -0.41
-147.434 62.116 1.7
-98.863 28.811 1.6
-98.03116667 35.63516667 1.32
-146.548 61.61 1.7
-116.750166666667 33.6675 0.34
-98.874 28.815 1.6
-110.339 44.6333333333333 0.53
-116.4325 33.1518333333333 0.76
-100.657 32.782 1.3
-102.04 32.035 0.8
-65.4656666666667 18.9063333333333 2.94
-117.6785 35.9473333333333 0.45
71.8592 37.2869 4.1
-156.319 58.109 1.3
-122.770668029785 38.7878341674805 0.96
-153.073333333333 60.0568333333333 -0.88
-68.567 18.441 3.56
-117.804833333333 35.3035 1.06
-104.232 31.641 1.2
-110.339666666667 44.633 0.75
-117.6785 35.9458333333333 1.37
-121.479667663574 40.7448348999023 2.3
102.761 -3.139 4.4
-157.894 55.923 2.7
-153.062666666667 60.06 -0.85
-116.013333333333 32.72 0.64
96.4723 -45.4026 5.9
-137.329 58.35 2.7
-151.178 62.586 2.1
-149.283 64.711 1.8
-153.371 62.139 2.1
-116.776166666667 33.5081666666667 0.29
-140.829 59.97 1.7
178.6457 51.1445 3.4
-104.507 31.717 1.7
-152.376833333333 61.2825 -0.03
-101.067 32.145 1.4
-152.277 60.268 2.1
-116.115833333333 33.1691666666667 0.99
-152.069 61.133 2.1
-150.216 61.483 1.9
-78.8955 -1.9321 4.5
-155.125333333333 19.3336666666667 1.62
-116.791333333333 33.6816666666667 0.57
-155.453826904297 19.2661666870117 1.74
-155.106 56.251 2.7
-151.331 63.151 1.8
-155.258333333333 58.198 0.15
-155.658 57.468 2.0
-147.737 64.753 2.8
-116.719 33.5341666666667 0.15
-100.546 32.872 2.0
-112.892166666667 37.085 1.14
-152.554666666667 60.5621666666667 -0.37
-117.808 35.3018333333333 2.03
-116.786833333333 33.681 0.45
-156.213 56.331 2.6
-152.315166666667 61.16 -0.75
-153.183 60.22 0.7
-66.8641666666667 18.0065 2.18
-152.111 61.031 1.7
153.973 -4.4631 4.6
-168.205166666667 53.3883333333333 0.78
-115.737166666667 32.9253333333333 1.14
-101.283 32.246 1.3
-122.87 47.26616666666666 1.17
-113.805 37.3643333333333 1.13
-155.3085 58.164 -0.4
-117.265 34.0543333333333 1.09
-112.895666666667 37.0795 2.26
-110.6715 44.3483333333333 1.34
-66.1996666666667 18.463 2.84
-175.9145 -20.2153 4.7
-174.6938 -15.3638 4.7
-117.783333333333 35.3566666666667 0.93
-155.36833190918 19.49049949646 1.82
-153.079333333333 60.0476666666667 -1.07
-81.9986666666667 36.0691666666667 1.73
-122.8125 38.8271675109863 2.14
-151.287 62.921 2.0
-155.001 58.273 0.5
-140.1742 60.5327 3.5
-117.599166666667 35.6406666666667 0.93
-112.893333333333 37.084 1.39
-112.4215 41.5731666666667 0.71
-152.236 61.1448333333333 -0.47
-153.213 60.194 2.5
-122.81616973877 38.8358345031738 1.1
-150.581 63.14 1.8
-110.847 44.794 1.17
-152.811 59.352 2.0
-151.365 63.145 2.0
-117.3205 35.5475 1.87
-117.559833333333 35.6981666666667 0.38
-152.325833333333 61.036 0.3
-150.564 61.197 2.9
-151.221 61.145 1.8
-104.18 31.711 1.8
-101.286 32.247 1.4
-148.373 64.797 1.0
-122.795333862305 38.8151664733887 1.09
-139.998 60.542 1.9
-154.068 58.864 1.5
-155.492172241211 19.2101669311523 1.75
-153.091666666667 60.04 -0.87
-152.584 60.299 2.7
-155.300506591797 19.2071666717529 1.8
-65.8855 17.9178333333333 2.02
-102.214 32.107 0.8
-116.836166666667 33.9825 0.91
-101.796 32.211 0.8
-117.095333333333 34.2685 1.01
-150.85 61.727 1.7
112.4577 -5.8539 4.6
-155.219833374023 19.3206672668457 1.82
-121.510665893555 40.1831665039062 2.24
-152.353 61.041 0.37
-145.373 65.659 2.0
-154.375 57.763 1.8
-148.354 64.786 0.8
-153.261 59.752 1.8
143.5977 -6.4414 5.0
-152.97 60.135 0.5
-112.893666666667 37.086 1.9
-156.76 56.664 2.3
-153.1225 60.0293333333333 -0.83
-152.874 59.286 1.6
-150.177 61.814 1.6
-153.078333333333 60.0518333333333 -0.61
-148.379 64.789 1.2
-115.524666666667 32.9435 1.37
-139.905 60.336 2.3
-147.385 64.979 0.8
-67.2016 -24.2431 4.1
-117.304333333333 33.9118333333333 1.31
-116.877333333333 33.8083333333333 0.73
-166.627166666667 53.898 0.86
-117.4975 33.8521666666667 1.33
-151.89 60.775 2.1
-151.385 63.114 1.8
-102.046 32.05 1.4
-116.4989 38.4117 1.58
-151.375 63.143 2.5
-123.10916666666667 47.111 1.36
-153.118666666667 60.0023333333333 -0.84
-153.105 60.018 -1.08
159.67 53.0766 4.7
-152.331833333333 61.2971666666667 -0.52
-153.1655 59.9631666666667 -0.74
-151.377 63.159 2.8
-155.314 59.161 1.8
-66.0106 -22.2326 4.3
-103.724 32.066 1.3
-60.5466 15.0838 5.5
-139.9796 60.5385 3.0
-67.046 18.1113333333333 2.76
-155.449833333333 19.3925 1.48
-116.7328 41.1095 1.93
-77.9203 -1.8514 4.2
-155.968333333333 57.5018333333333 0.92
-155.915 57.562 1.4
-149.956 63.076 2.3
-66.8391666666667 18.0078333333333 2.02
-155.448165893555 18.7456665039062 1.85
-102.152 32.422 1.5
-103.724 32.071 2.0
-147.896 63.55 1.5
-68.18 18.6635 3.61
-116.6812 41.199 1.71
-106.8263 45.0786 2.8
-155.258833333333 58.1953333333333 -0.49
-116.6826 41.2038 2.77
-101.065 32.141 2.0
-141.491 59.939 3.0
-155.404 57.669 1.4
-101.054 32.145 2.3
128.7943 2.9005 4.6
158.5249 51.9413 4.3
-151.757 58.943 2.0
-167.9944 53.0657 3.9
-152.781166666667 60.5126666666667 -0.93
-152.776666666667 60.4813333333333 -1.44
-118.211666666667 34.5956666666667 0.65
-155.699 57.483 1.7
-116.3089 38.1335 1.53
-70.1463 -26.5429 4.5
-149.886 63.415 2.1
-149.14 62.36 1.9
-148.663 65.113 0.9
-155.877 58.624 1.5
-116.129833333333 33.2695 0.8
-149.368 62.069 2.2
-101.058 32.143 2.0
-101.04 32.142 3.1
-101.06 32.143 2.9
-152.895 60.0633333333333 0.02
-122.254501342773 37.8776664733887 1.55
-69.3973 -19.5784 4.1
-116.265166666667 32.9416666666667 1.2
131.6654 -5.2707 4.9
-116.431166666667 33.0483333333333 1.38
-140.1596 60.4928 3.0
-148.871 64.929 1.0
-140.066 60.581 2.2
-117.2856 37.1009 1.74
-103.723 32.067 1.1
-153.070666666667 60.0556666666667 -0.81
-116.637333333333 33.417 0.38
-120.658836364746 40.5438346862793 1.86
-110.8415 44.7933333333333 1.12
-149.304 61.045 1.8
-121.932662963867 37.7641677856445 1.84
-155.527666666667 19.236 2.7
-148.96 63.125 1.8
-153.065 60.0423333333333 -0.82
-96.62033333 34.54666667 1.32
-99.3823 16.7691 4.5
-155.5955 19.4655 0.64
-153.050166666667 60.0651666666667 -1.28
-116.396 33.241 0.69
-116.814666666667 34.2011666666667 1.15
-140.2426 60.4738 2.5
-139.54 60.45 2.1
-116.399 33.239 0.82
-98.945 28.661 1.8
-103.724 32.068 1.4
-140.186 60.558 1.8
-103.725 32.065 1.9
-99.2453 16.8068 4.5
-99.295 16.9285 4.2
-146.311 61.724 2.5
-140.357 60.476 1.9
-143.052 60.439 1.3
-150.559 64.511 2.2
-168.152 52.814 3.9
-101.504 32.118 1.8
-100.548 32.865 1.6
-140.196 60.533 1.6
-139.901 60.506 3.5
-152.953833333333 60.0458333333333 -0.17
-99.3026 16.9017 6.5
-174.140333333333 52.3401666666667 1.62
-104.145 31.55 1.7
-152.4645 61.1705 -0.86
-155.271 58.0306666666667 -0.57
-155.271666666667 58.0363333333333 -0.2
-104.182 31.708 2.3
-151.33 63.467 1.6
-150.679 61.898 1.8
-112.345333333333 38.3161666666667 1.64
-140.136 60.552 1.9
-140.207 60.529 1.9
-120.209503173828 36.0699996948242 1.41
-112.894 37.092 1.01
-112.894666666667 37.0908333333333 0.94
-140.122 60.519 2.1
-152.643333333333 60.504 -0.3
-146.493 64.444 1.5
-101.457 31.944 1.1
-139.612 60.481 2.1
-155.427 19.131 1.24
-140.933 59.861 2.0
-155.593 19.4686666666667 0.86
-116.578833333333 33.1661666666667 0.22
-98.939 28.66 1.6
-112.8915 37.078 0.96
-116.392833333333 33.3673333333333 0.78
-117.1025 33.7928333333333 0.68
-101.911 32.105 1.8
-104.03 31.58 1.5
-117.790166666667 35.3636666666667 0.94
-153.0405 60.0655 -1.06
-153.148166666667 59.9543333333333 -0.37
-150.605 61.432 1.7
-148.871 65.217 1.6
-152.270333333333 61.201 -0.69
-116.7165 33.6568333333333 0.23
-115.521833333333 32.9486666666667 1.08
-116.782833333333 33.6806666666667 0.45
-117.420333333333 35.569 0.91
-154.942 57.986 1.3
-154.726 58.333 1.0
-166.534833333333 53.9155 0.21
-155.3255 58.1953333333333 -0.65
-139.9975 60.5037 2.7
-153.039833333333 60.0733333333333 -0.5
-151.364 62.766 1.7
-152.628 60.528 0.7
-117.792666666667 35.3625 0.7
-155.594333333333 19.4701666666667 0.96
-139.662 60.465 2.1
-149.6 62.542 1.7
-104.178 31.713 2.3
-140.37 60.475 1.8
-101.909 32.105 2.3
-112.890166666667 37.0986666666667 1.12
-121.66666666666667 47.922 0.97
-156.238 57.286 2.5
-140.091 60.603 1.9
-152.281 60.313 2.9
-153.168 60.213 1.8
-117.9174 38.1099 1.54
-112.891333333333 37.0835 1.22
-139.9005 60.5719 3.1
-140.259 60.508 1.9
-112.890333333333 37.082 1.58
-148.491 62.264 1.8
-155.644 20.2905 3.2
-155.373333333333 19.1928333333333 3.4
-102.012 31.784 1.4
-120.948 -53.6401 5.0
-166.629 53.8963333333333 0.31
-139.8919 60.6154 3.1
-111.927166666667 39.6495 1.25
-118.977833333333 34.5513333333333 2.17
-153.066 60.0528333333333 -0.2
-166.620833333333 53.9001666666667 0.77
-166.625666666667 53.8963333333333 0.33
-166.626166666667 53.8963333333333 0.77
-116.833166666667 34.0033333333333 1.86
-121.670501708984 37.2941665649414 2.18
-149.3053 56.3001 3.0
-153.065666666667 60.012 -0.93
-122.03316666666667 47.600833333333334 1.02
-150.148 61.008 1.9
-71.6547 42.8464 2.1
-151.359 63.153 1.6
-67.5165 18.4891666666667 3.28
-118.415666666667 34.2978333333333 0.92
-166.626166666667 53.8965 0.29
-139.9409 60.612 2.7
-140.318 60.492 1.6
-154.314 59.04 2.2
-11.4873 -21.2004 4.6
-139.9256 60.5205 3.0
-155.168 58.2295 -0.55
-155.595 19.4683333333333 1.51
-111.932 39.6461666666667 0.78
-116.838 33.2898333333333 0.93
-116.520833333333 33.5206666666667 0.48
-119.5513 38.7184 1.8
-111.924666666667 39.6476666666667 2.49
-121.20883333333333 43.724666666666664 0.28
-119.067833333333 34.641 1.26
-141.187 59.942 1.9
-119.063833333333 34.6446666666667 1.97
-97.911 29.02 1.1
-122.3495 46.2795 0.34
-117.186166666667 34.027 0.73
-117.809333333333 35.301 0.94
-152.6985 60.534 -0.43
-140.99 60.074 2.0
-152.0 61.026 1.5
-111.403166666667 39.02 1.11
-153.100333333333 60.026 -1.12
-101.793 32.216 0.9
-156.157 57.639 2.2
-156.155 57.653 2.5
-150.329 61.204 1.6
-122.28333333333333 46.2535 0.56
-152.969166666667 60.0985 -0.01
-149.665 62.573 1.5
-150.832 60.209 1.7
-115.222333333333 32.3955 2.44
-115.229666666667 32.3981666666667 2.99
-115.229833333333 32.394 2.4
-120.678497314453 40.5406684875488 1.96
-116.411 33.0353333333333 0.96
-116.905833333333 33.3241666666667 0.79
-156.342 58.116 1.5
-101.909 32.237 2.2
-151.901 60.936 2.3
-97.40966667 35.66816667 1.04
-97.57883333 34.259 1.38
-153.023166666667 60.0371666666667 -0.53
-155.490997314453 19.2038326263428 1.94
-166.636333333333 53.8921666666667 -0.11
-139.9289 60.4909 3.7
-139.938 60.482 1.9
-86.8809 11.2898 4.6
-153.056833333333 60.0721666666667 -0.46
-122.816833496094 38.8136672973633 1.02
-153.086666666667 60.058 -0.5
-151.987 62.085 2.0
-121.955666666667 37.7663333333333 3.02
-74.3043 -42.7179 4.2
-149.292 61.924 2.5
-139.402 60.414 2.0
-141.29 61.571 1.7
-152.828666666667 60.4471666666667 -0.26
-140.0672 60.5567 3.1
-25.2681 -57.2655 5.0
-176.5579 51.4855 3.6
-145.281 62.5 2.0
-147.323 64.989 1.3
-111.300166666667 39.6586666666667 1.51
-152.989 59.326 1.9
-140.322 60.487 1.7
-169.4995 52.7138333333333 2.06
-122.764831542969 38.8009986877441 0.27
-117.533833333333 35.6761666666667 0.82
-110.732166666667 44.5951666666667 0.99
-140.172 60.523 1.9
-76.3908 -15.4795 4.2
-122.800163269043 38.8313331604004 0.75
-66.75 18.014 1.81
-126.7186 43.3587 2.9
-151.414 61.314 2.2
-140.0615 60.5641 3.2
-68.5045 -21.6879 4.7
-153.154 60.267 1.9
-152.457 60.285 1.1
-117.963666666667 32.9773333333333 1.74
-135.708333333333 57.056 1.19
-140.0317 60.5501 2.5
-116.7253 41.1245 1.66
-117.6865 35.9041666666667 0.8
-140.0177 60.451 2.9
-149.825 61.772 2.2
-122.807167053223 38.7983322143555 0.81
-122.853996276855 38.8261680603027 0.85
-149.857 60.824 1.7
168.7973 -18.6825 5.2
-116.225666666667 33.2951666666667 1.68
-111.918833333333 39.6436666666667 1.61
-153.0725 60.0553333333333 -0.69
-155.619166666667 19.4343333333333 2.1
-116.621833333333 33.1108333333333 0.63
-121.669334411621 37.2999992370605 1.56
-140.1112 60.5337 2.6
-122.88283333333334 47.26733333333333 1.48
-122.88916666666667 47.26866666666667 1.57
-122.772003173828 38.7934989929199 0.71
-140.1365 60.4779 2.8
-115.8095 37.1095 2.05
-122.538 45.68566666666667 1.21
-153.155166666667 60.0206666666667 -0.65
-116.7795 33.9203333333333 0.91
-156.233840942383 19.4484996795654 1.86
-140.885 60.039 2.1
-155.639 57.692 1.6
-122.854164123535 38.8256683349609 1.41
-152.554 60.069 1.4
159.6637 51.5632 4.5
-140.1863 60.4609 2.5
-121.67133333333334 47.9235 1.01
-122.763664245605 38.8211669921875 1.17
-122.824501037598 38.839168548584 0.72
-104.39 31.66 2.7
-153.101333333333 60.0075 -0.98
-146.78 61.057 1.8
-121.310165405273 36.6576652526855 1.88
-122.737503051758 38.787166595459 1.55
127.3411 2.2145 4.4
-140.055 60.5314 2.7
118.4495 45.406 4.7
-155.472503662109 19.0238342285156 1.75
-155.582166666667 19.482 0.87
-120.270668029785 36.0610008239746 0.77
-155.588333333333 19.45 0.86
-152.271666666667 61.2163333333333 -0.78
-140.244 60.545 1.9
-152.505 59.86 2.1
-155.385498046875 19.173999786377 2.04
-122.758834838867 38.7841682434082 1.12
-153.519 59.792 2.2
-140.148 60.549 1.9
-148.69 63.978 1.9
-118.5268 38.5497 1.77
-122.852500915527 38.8286666870117 1.08
-116.345 33.2685 1.25
-122.773330688477 38.8008346557617 0.62
-139.9633 60.4135 2.7
-122.791999816895 38.8188323974609 1.09
-116.447833333333 34.3976666666667 2.08
-140.273 60.484 1.8
-139.8593 60.5566 3.0
-110.734666666667 44.5896666666667 1.38
-103.721 32.068 1.3
-117.407833333333 35.5391666666667 1.26
-153.676 57.384 2.0
-155.216833333333 19.3066666666667 1.92
-151.943 61.046 1.5
-118.599833333333 34.5281666666667 2.08
-152.403333333333 61.1595 -0.26
-155.600166666667 19.4651666666667 1.18
-152.881 59.498 2.2
-110.999666666667 44.7688333333333 1.65
-66.7996666666667 18.0448333333333 2.2
-154.113 57.424 3.0
-110.996 44.7648333333333 1.66
-111.002 44.7691666666667 1.7
-121.517333984375 37.134334564209 1.14
-152.472666666667 60.5683333333333 0.51
-139.9258 60.5067 2.7
142.2354 43.9155 4.2
-122.818496704102 38.8301658630371 1.16
-140.3789 60.5961 3.1
-150.022 62.19 2.0
-140.0537 60.4896 2.7
-140.028 60.537 1.8
-104.51 31.659 1.5
-150.05 62.179 2.3
-101.925 32.119 1.4
-117.445833333333 35.534 0.66
-154.308 57.831 2.2
-101.485 32.11 1.1
-116.925 34.3011666666667 1.54
-117.626833333333 35.7968333333333 0.52
-104.381 31.627 1.8
-104.181 31.702 1.5
-116.618 33.4598333333333 0.57
-122.748832702637 38.7866668701172 0.58
-151.868 60.31 2.3
-155.282 57.641 2.4
-155.27 57.614 2.5
-139.9079 60.5366 2.6
52.2489 13.9634 4.6
-104.182 31.704 2.0
-122.790496826172 38.8339996337891 1.51
-139.9262 60.4488 2.7
-68.9508 19.2151 3.99
-102.178 32.426 0.6
-73.0146 -37.0934 4.4
-116.721833333333 33.5321666666667 0.45
-154.539 58.093 1.5
-155.1965 58.2283333333333 -0.62
-140.172 60.521 2.0
95.9225 22.7786 4.9
-140.05 60.4549 2.8
-151.128 62.219 2.3
178.5343 51.7582 3.4
-152.13 59.612 2.2
-139.9842 60.5368 3.7
-140.238 60.476 1.8
-155.47 57.862 1.7
-72.0685 10.5015 4.6
-141.279 61.574 2.2
-112.478 36.8925 1.68
-151.599 63.073 1.8
-122.801330566406 38.8030014038086 2.21
-155.195327758789 19.3256664276123 1.72
-140.0329 60.5137 3.7
-66.9016666666667 17.9906666666667 1.91
-147.461 64.808 1.2
-139.6868 60.596 2.6
-102.042 32.403 0.9
-116.0545 33.2396666666667 0.68
-116.242 41.1297 2.03
-122.4255 46.12383333333333 0.27
-157.7173 54.3056 3.2
-166.943666666667 53.8881666666667 0.0
-140.1074 60.5325 2.9
-121.31566666666667 48.200833333333335 0.72
-140.205 60.51 1.9
-67.3828333333333 19.1793333333333 3.42
-152.818333333333 60.6561666666667 -0.9
-155.063003540039 19.30299949646 1.73
126.7755 7.7381 5.0
-104.4393 32.3088 2.8
-117.017333333333 33.6648333333333 0.34
-122.18933333333334 47.63133333333333 1.36
-166.6225 53.9001666666667 1.79
-140.2685 60.5505 2.7
-140.146 60.548 2.4
-139.99 60.549 2.0
-104.174 31.696 2.2
